CPAR     646770.291     1060714.224     239.249
CSVI     601225.866     1097469.492     453.640 
CJIH     669458.545     1130343.549     530.747
CJHR     714566.744     1152193.217     497.430
CTAB     734463.119     1120205.163     450.296
CPRI     779092.805     1082801.525     537.339
CKVA     852063.782     1010482.564     400.227
CDOM     859932.199     1097824.899     472.485
CPRA     789888.730     1156921.095     598.552
CBUD     755867.528     1166927.571     410.041
CRAK     791593.743     1034392.974     336.158
CMBO     703730.951     1011742.195     259.544
CLIT     755672.091      990366.398     199.073
CLIB     687778.722      973563.750     405.135
CTRU     631076.087     1003978.799     434.983
CFRM     466960.003     1118703.203     330.788
CVSE     496441.079     1154843.654     364.218
CSUM     562351.246     1078463.036     334.478
CJES     543164.351     1050441.560     451.924
CKRO     539629.611     1155327.809     215.394
CHOD     564260.062     1202928.265     185.538
CZNO     643592.038     1192713.956     328.133
CPRG     739771.659     1039190.646     311.235
VSBO     479133.747     1101052.120     298.164
PLZN     824584.453     1071719.124     378.591
GOPE     719512.302     1065662.523     547.592
TUBO     599131.597     1159442.044     279.584
POL1     604572.975     1030810.621     748.146
