CPAR     50.0395477722222     15.7832459250000     283.270
CSVI     49.7578205916667     16.4713079055556     498.442
CJIH     49.3935539138889     15.5863957277778     576.839
CJHR     49.1480087666667     15.0088070277778     543.521
CTAB     49.4097967694444     14.6802187194444     496.233
CPRI     49.6877980027778     13.9982578111111     583.676
CKVA     50.2325932027778     12.8418754111111     446.082
CDOM     49.4459037055556     12.9241046527778     519.603
CPRA     49.0143004611111     13.9959381138889     645.390
CBUD     48.9676309833333     14.4752711333333     456.223
CRAK     50.1023894305556     13.7292369805556     381.870
CMBO     50.4128790416667     14.9059642722222     303.463
CLIT     50.5402739944444     14.1402500527778     243.275
CLIB     50.7717020944444     15.0598912611111     448.350
CTRU     50.5626435944444     15.9084478000000     478.595
CFRM     49.6847928166667     18.3531828166667     373.590
CVSE     49.3380114777778     17.9910129555556     407.325
CSUM     49.9647692805556     16.9809570194444     378.365
CJES     50.2328244277778     17.2081661888889     495.223
CKRO     49.2974808388889     17.4001428250000     258.576
CHOD     48.8496201305556     17.1290670277778     228.387
CZNO     48.8640350361111     16.0391776444444     373.840
CPRG     50.1252294972222     14.4560568694444     356.025
VSBO     49.8335138416667     18.1638329472222     340.895
PLZN     49.7265761083333     13.3518353305556     425.230
GOPE     49.9137018444444     14.7856182333333     592.602 
TUBO     49.2058917388889     16.5928344333333     324.272
POL1     50.3501514277778     16.3222434583333     791.707